9787544253994
9787538609257
9787208061644
9787544242516
9787542640888
9787301218181
9787535465719
9787539958422
9787506061322
9787550213302
9787539961170
9787111129752
9787111128182
9787121023491
9787111173199
9787111146759
9787111277538
9787121091858
9787508607092
9787121131943
9787542631664
9787121070372
9787115178503
9787564105709
9787115144812
9787111216322
9787115139214
9787302219682
9787302138747
9787505397194
9780070342071
9787111136637
9787111284147
9787302087823
9787513311199
9787513311816
9787533936457
9787544264761
9787549534562
9787550004115
9787513311199
9787108043610
9787532760572
9787208112025
9787544731683
9787544264778
9787549534555
9787501991334
9787539961828
9787544735957
9787501991310
9787536066984
9787543693135
9787115308108
9787562472247
9787539955681
9787208111691
9787540460914
9787544264815
9787544734561
9787544730952